1742397418980 0.20932 0
1742397565907 0.43313 1
1742397702551 0.54791 2
1742397939872 0.4676 3
1742398166385 0.44381 4
1742398410004 0.4127 5
1742398644460 0.65754 6
1742398875085 0.58651 7
1742399105317 0.61374 8
1742399315235 0.7094 9
1742399449508 0.72723 10
1742399582657 0.75856 11
1742399716003 0.69199 12
1742399897628 0.67968 13
1742400136293 0.70607 14
1742400289549 0.76486 15
1742400460127 0.75366 16
1742400628330 0.73416 17
1742400785685 0.78529 18
1742400871657 0.74851 19
1742400958921 0.72319 20
1742401048059 0.7661 21
1742401138279 0.77776 22
1742401229113 0.72186 23
1742401320677 0.7663 24
1742401412618 0.79925 25
1742401505035 0.78233 26
1742401598502 0.79375 27
1742401691989 0.80558 28
1742401784803 0.792 29
1742401877972 0.73579 30
1742401979055 0.81212 31
1742402071677 0.77305 32
1742402166728 0.79551 33
1742402332548 0.78615 34
1742402552433 0.78693 35
1742402732219 0.80942 36
1742402896581 0.80432 37
1742403012933 0.79099 38
1742403126929 0.79177 39
1742403136631 0.8120945670258862 39
