1742397418980 0.36021 0
1742397565907 0.7803 1
1742397702551 0.88165 2
1742397939872 0.85278 3
1742398166385 0.71345 4
1742398410004 0.6817 5
1742398644460 0.93902 6
1742398875085 0.82773 7
1742399105317 0.90497 8
1742399315235 0.9554 9
1742399449508 0.97842 10
1742399582657 0.97775 11
1742399716003 0.98397 12
1742399897628 0.96228 13
1742400136293 0.98469 14
1742400289549 0.98828 15
1742400460127 0.98446 16
1742400628330 0.98947 17
1742400785685 0.99373 18
1742400871657 0.96383 19
1742400958921 0.99041 20
1742401048059 0.99444 21
1742401138279 0.99415 22
1742401229113 0.98985 23
1742401320677 0.98794 24
1742401412618 0.99472 25
1742401505035 0.99458 26
1742401598502 0.99292 27
1742401691989 0.995 28
1742401784803 0.99479 29
1742401877972 0.99467 30
1742401979055 0.99479 31
1742402071677 0.96649 32
1742402166728 0.98599 33
1742402332548 0.99153 34
1742402552433 0.9941 35
1742402732219 0.99407 36
1742402896581 0.99493 37
1742403012933 0.995 38
1742403126929 0.99479 39
1742403136631 0.9947945205479451 39
