1742397418980 0.0067 0
1742397565907 0.8485 1
1742397702551 0.85702 2
1742397939872 0.81752 3
1742398166385 0.6945 4
1742398410004 0.63513 5
1742398644460 0.91697 6
1742398875085 0.67102 7
1742399105317 0.6549 8
1742399315235 0.95205 9
1742399449508 0.91713 10
1742399582657 0.96402 11
1742399716003 0.94962 12
1742399897628 0.89153 13
1742400136293 0.9721 14
1742400289549 0.98807 15
1742400460127 0.9656 16
1742400628330 0.97004 17
1742400785685 0.98583 18
1742400871657 0.91664 19
1742400958921 0.99368 20
1742401048059 0.99141 21
1742401138279 0.97478 22
1742401229113 0.99843 23
1742401320677 0.98473 24
1742401412618 0.99052 25
1742401505035 0.98234 26
1742401598502 0.98767 27
1742401691989 0.99041 28
1742401784803 0.99962 29
1742401877972 0.99791 30
1742401979055 0.99263 31
1742402071677 0.90706 32
1742402166728 0.88339 33
1742402332548 0.97059 34
1742402552433 0.94821 35
1742402732219 0.94098 36
1742402896581 0.97424 37
1742403012933 0.94907 38
1742403126929 0.95123 39
1742403136631 0.9927458872133417 39
