1742397418980 1.0 0
1742397565907 0.27857 1
1742397702551 0.3981 2
1742397939872 0.65892 3
1742398166385 0.63487 4
1742398410004 0.58571 5
1742398644460 0.87857 6
1742398875085 0.71516 7
1742399105317 0.92857 8
1742399315235 0.9197 9
1742399449508 0.95 10
1742399582657 0.95563 11
1742399716003 0.92053 12
1742399897628 0.94537 13
1742400136293 0.96429 14
1742400289549 0.97221 15
1742400460127 0.97074 16
1742400628330 0.98258 17
1742400785685 0.96851 18
1742400871657 0.86429 19
1742400958921 0.9749 20
1742401048059 0.98571 21
1742401138279 0.97961 22
1742401229113 0.97857 23
1742401320677 0.96096 24
1742401412618 0.99109 25
1742401505035 0.98214 26
1742401598502 0.97777 27
1742401691989 1.0 28
1742401784803 0.98497 29
1742401877972 0.99099 30
1742401979055 0.99075 31
1742402071677 0.9 32
1742402166728 0.97104 33
1742402332548 0.94797 34
1742402552433 0.97857 35
1742402732219 0.98571 36
1742402896581 0.98064 37
1742403012933 0.98874 38
1742403126929 0.98571 39
1742403136631 0.9906311359590636 39
