1742397398421 0.00030006 0
1742397557370 0.0006015244474999999 1
1742397683345 0.0008873107600000002 2
1742397916624 0.0011574189375 3
1742398141863 0.00141184898 4
1742398384127 0.00146070875 5
1742398621281 0.0014194505000000002 6
1742398853352 0.00137819225 7
1742399082559 0.0013369340000000001 8
1742399304533 0.00129567575 9
1742399439343 0.0012544175 10
1742399571890 0.00121315925 11
1742399704504 0.001171901 12
1742399886150 0.00113064275 13
1742400116386 0.0010893845 14
1742400278927 0.00104812625 15
1742400438514 0.001006868 16
1742400617961 0.0009656097499999999 17
1742400775077 0.0009243515000000001 18
1742400864273 0.0008830932500000001 19
1742400951420 0.0008418350000000001 20
1742401040084 0.00080057675 21
1742401130575 0.0007593185 22
1742401221034 0.00071806025 23
1742401312790 0.0006768020000000001 24
1742401404681 0.00063554375 25
1742401497067 0.0005942855 26
1742401590406 0.00055302725 27
1742401683588 0.0005117690000000001 28
1742401776784 0.00047051075000000003 29
1742401867298 0.00042925250000000004 30
1742401970670 0.00038799425 31
1742402063448 0.00034673599999999994 32
1742402158279 0.0003054777500000001 33
1742402313019 0.00026421950000000006 34
1742402536393 0.00022296125 35
1742402716362 0.00018170299999999996 36
1742402885374 0.00014044474999999992 37
1742403003332 9.918650000000008e-05 38
1742403118158 5.792825000000004e-05 39
