1742397398421 1.81848 0
1742397557370 1.13912 1
1742397683345 1.1034 2
1742397916624 1.1368 3
1742398141863 1.07699 4
1742398384127 1.10289 5
1742398621281 1.07283 6
1742398853352 1.01773 7
1742399082559 1.03095 8
1742399304533 0.99276 9
1742399439343 1.02804 10
1742399571890 0.98162 11
1742399704504 0.97616 12
1742399886150 0.9557 13
1742400116386 0.88865 14
1742400278927 0.95584 15
1742400438514 0.92745 16
1742400617961 0.88881 17
1742400775077 0.86683 18
1742400864273 0.88494 19
1742400951420 0.90249 20
1742401040084 0.8892 21
1742401130575 0.83189 22
1742401221034 0.83237 23
1742401312790 0.82669 24
1742401404681 0.80321 25
1742401497067 0.81419 26
1742401590406 0.79745 27
1742401683588 0.81918 28
1742401776784 0.7959 29
1742401867298 0.7068 30
1742401970670 0.68014 31
1742402063448 0.6599 32
1742402158279 0.67699 33
1742402313019 0.68584 34
1742402536393 0.63874 35
1742402716362 0.62833 36
1742402885374 0.61673 37
1742403003332 0.59124 38
1742403118158 0.58248 39
