1742397398421 3.35806 0
1742397557370 2.21074 1
1742397683345 1.51946 2
1742397916624 1.40966 3
1742398141863 1.32066 4
1742398384127 1.26011 5
1742398621281 1.16557 6
1742398853352 1.09675 7
1742399082559 1.02545 8
1742399304533 1.00282 9
1742399439343 0.96334 10
1742399571890 0.94186 11
1742399704504 0.87082 12
1742399886150 0.84267 13
1742400116386 0.82371 14
1742400278927 0.82656 15
1742400438514 0.7749 16
1742400617961 0.74307 17
1742400775077 0.72891 18
1742400864273 0.72551 19
1742400951420 0.73581 20
1742401040084 0.71719 21
1742401130575 0.65842 22
1742401221034 0.66263 23
1742401312790 0.61383 24
1742401404681 0.59817 25
1742401497067 0.61706 26
1742401590406 0.61235 27
1742401683588 0.59398 28
1742401776784 0.59722 29
1742401867298 0.556 30
1742401970670 0.51273 31
1742402063448 0.51394 32
1742402158279 0.48775 33
1742402313019 0.47892 34
1742402536393 0.47304 35
1742402716362 0.45569 36
1742402885374 0.45928 37
1742403003332 0.42852 38
1742403118158 0.43084 39
