1742397398421 1.81538 0
1742397557370 1.23849 1
1742397683345 1.17109 2
1742397916624 1.18109 3
1742398141863 1.14684 4
1742398384127 1.15102 5
1742398621281 1.12943 6
1742398853352 1.11324 7
1742399082559 1.09997 8
1742399304533 1.0868 9
1742399439343 1.09771 10
1742399571890 1.071 11
1742399704504 1.05184 12
1742399886150 1.04785 13
1742400116386 1.03492 14
1742400278927 1.05949 15
1742400438514 1.0331 16
1742400617961 1.03176 17
1742400775077 1.02082 18
1742400864273 1.0063 19
1742400951420 1.0426 20
1742401040084 1.01286 21
1742401130575 1.00272 22
1742401221034 0.99685 23
1742401312790 1.00027 24
1742401404681 0.97896 25
1742401497067 0.98668 26
1742401590406 0.98205 27
1742401683588 1.00045 28
1742401776784 0.97368 29
1742401867298 0.93541 30
1742401970670 0.9213 31
1742402063448 0.92519 32
1742402158279 0.91725 33
1742402313019 0.92026 34
1742402536393 0.92451 35
1742402716362 0.90419 36
1742402885374 0.89998 37
1742403003332 0.90016 38
1742403118158 0.8892 39
